     1	99003190000000506418322 val01 0.100000000000000000
     2	95142020000000003839398 val02 0.100000000000000000
     3	11158038877374419609449 DarianKA 0.050000000000000000
     4	10376839364366910390984 555_EVGENII 0.050000000000000000
     5	10133159149499995439000 maxhaqq 0.050000000000000000
     6	10082499025833623104420 ZIM 0.050000000000000000
     7	10069850000000031000000 MarikJudo 0.050000000000000000
     8	10057890122346787850859 OnThePluto 0.100000000000000000
     9	10056001000000001000200 karlo 0.050000000000000000
    10	10041999908011561355048 76valeriy 0.050000000000000000
    11	10039999938221934382349 Lexor77rus 0.050000000000000000
    12	10023222222222223222222 nafaniaav 0.050000000000000000
    13	10022999937800191555548 gaenka400 0.050000000000000000
    14	10022600000000100000000 Marina_1992x 0.050000000000000000
    15	10020999875000101390999 Strannik 0.100000000000000000
    16	10019034137432216919654 SCANDALIST 0.050000000000000000
    17	10017937199901086772022 Paranormal Brothers 0.050000000000000000
    18	10013650000000000000010 battletoads 0.050000000000000000
    19	10013004000900000999999 garrysnode 0.050000000000000000
    20	10012999979001112044222 NodeUncle 0.100000000000000000
    21	10010999999000000000000 bonded.zone ⚡ 0.100000000000000000
    22	10010780000000000000000 RaRayRa 0.100000000000000000
    23	10010000000000005000000 haqname 0.050000000000000000
    24	10009259999999999999999 vinjan 0.100000000000000000
    25	10009000000000001000000 Marta 0.050000000000000000
    26	10007400000000000000000 hedji 0.100000000000000000
    27	10007000000000001010000 kseniianaumova 0.050000000000000000
    28	10006150000000000000000 ankulatix 0.100000000000000000
    29	10006100000000000010000 goodluck 0.060000000000000000
    30	10006000000000026000000 elenagez 0.050000000000000000
    31	10005100000000000110000 fortixmen 0.100000000000000000
    32	10005000000000010000000 Perfect 0.050000000000000000
    33	10004800000000001000000 sweetshot 0.050000000000000000
    34	10004000000000001999999 salexber 0.050000000000000000
    35	10004000000000000200000 asaf91 0.050000000000000000
    36	10003999999999989999899 uyenphan 0.100000000000000000
    37	10003950000000000999999 Lenlen 0.050000000000000000
    38	10003780360000030000000 liveevilll 0.050000000000000000
    39	10003016961676755854537 tirobite 0.050000000000000000
    40	10003010000000004000230 Freytara 0.100000000000000000
    41	10003000000000018000000 semio11111 0.050000000000000000
    42	10003000000000000010010 Mans 0.050000000000000000
    43	10003000000000000000000 Leobrantii 0.050000000000000000
    44	10002699968499999832000 Army IDs 0.100000000000000000
    45	10002500000000003000000 Farenheit 0.050000000000000000
    46	10002100000100000200000 moon 0.050000000000000000
    47	10002100000000003000100 hpp 0.050000000000000000
    48	10001950000400999999899 tytyhaqq 0.100000000000000000
    49	10001500000000000102000 Staking_Rewards 0.060000000000000000
    50	10001099999999990000000 deFIREviewer 0.070000000000000000
    51	10001099999699999908000 smartinvest 0.100000000000000000
    52	10001010009999999999989 Twaltoner 0.100000000000000000
    53	10001000019999999999990 Jonygel 0.100000000000000000
    54	10001000000000999999900 JMalone 0.100000000000000000
    55	10001000000000000020000 MitchelNode 0.100000000000000000
    56	10001000000000000009990 Alysanyan 0.100000000000000000
    57	10001000000000000001990 NihilS 0.100000000000000000
    58	10001000000000000000000 STRANIK 0.070000000000000000
    59	10001000000000000000000 skyc1e 0.050000000000000000
    60	10001000000000000000000 security 0.050000000000000000
    61	10001000000000000000000 PLESNIK 0.070000000000000000
    62	10000980000000001000000 mrjw777 0.100000000000000000
    63	10000980000000000000000 morze 0.100000000000000000
    64	10000599999999999000000 jeffjack2402 0.100000000000000000
    65	10000589999999999998000 Yuriicaezar 0.100000000000000000
    66	10000500000000000000000 TestnetPride 0.050000000000000000
    67	10000350000000000000000 ViktoriyaHAQQ 0.100000000000000000
    68	10000000000000100900000 Vlady 0.100000000000000000
    69	9999989999991000001999 haaratsu 0.070000000000000000
    70	9962379727146352235114 skiossan 0.050000000000000000
    71	9961999519563069437348 AnnaSot 0.100000000000000000
    72	9939659000000000000000 Vertomaine 0.100000000000000000
    73	9921020000000000000000 Kesgin 0.070000000000000000
    74	9920000000000000000998 Milan 0.050000000000000000
    75	9918000000000005999999 ominous 0.050000000000000000
    76	9914999999999999999999 CyberNodes 0.050000000000000000
    77	9914679999991176947450 Shoni 0.050000000000000000
    78	9913500058451552964755 Cabinet42 0.050000000000000000
    79	9911499999999999999999 Yodas_Node 0.100000000000000000
    80	9910990000000000000000 sange_and_yasha 0.070000000000000000
    81	9909900000000001090999 egorivanvotest 0.100000000000000000
    82	9908009991098812175945 Leo23 0.050000000000000000
    83	9907960000000000000000 Onenov 0.050000000000000000
    84	9907500000000040866870 termogen 0.100000000000000000
    85	9905940000000000000000 Hive FIve 0.100000000000000000
    86	9904959999999999999999 kgh 0.050000000000000000
    87	9904940000000002000000 yarikivan 0.100000000000000000
    88	9904940000000002000000 stepasem 0.100000000000000000
    89	9904940000000001000000 ivasidor 0.100000000000000000
    90	9904600017536268998625 mcve 0.050000000000000000
    91	9904008991098815175944 Hephesto_Node 0.050000000000000000
    92	9904000000000000999999 Sydnel92 0.050000000000000000
    93	9903990000000000012345 RychardChr 0.050000000000000000
    94	9903890000000010000000 SergKolov 0.100000000000000000
    95	9902970000000000899999 Chiang 0.050000000000000000
    96	9902970000000000000000 Elena64 0.050000000000000000
    97	9902510999890011998669 JustFunny 0.050000000000000000
    98	9902500000000000000000 DUCKDUCKDUCK 0.100000000000000000
    99	9902280003881777814471 arsoner 0.050000000000000000
   100	9902190000000000002500 power 0.080000000000000000
   101	9902080000000000000001 mdlog 0.100000000000000000
   102	9902000000100631680034 reveleum 0.100000000000000000
   103	9902000000000000000998 CalvinJoe 0.100000000000000000
   104	9901990000000001000000 po1nt 0.050000000000000000
   105	9901659999999999070003 Bud 0.050000000000000000
   106	9901450000000000000000 aleks 0.100000000000000000
   107	9901000000000000999999 nadzu4 0.050000000000000000
   108	9901000000000000999999 CT_Validator 0.100000000000000000
   109	9900999999999999999999 stasia001_haqq 0.050000000000000000
   110	9900999999999999999999 GB21 0.050000000000000000
   111	9900999999999002999999 DimokusAkash 0.100000000000000000
   112	9900990000000000000050 Uther 0.100000000000000000
   113	9900990000000000000000 aqualang 0.050000000000000000
   114	9900900000000000999999 applem1 0.100000000000000000
   115	9900720000000096988799 Skill 0.050000000000000000
   116	9900500000000000990000 JeTrix 0.100000000000000000
   117	9900399996850003983200 mixrusan 0.100000000000000000
   118	9900187450251247493764 Egor89 0.100000000000000000
   119	9900000000000001000001 jacknick45 0.070000000000000000
   120	9896070000000012999999 GasNode 0.050000000000000000
   121	9854460000000024999999 toanbm85 0.100000000000000000
   122	9844310081228018655581 Levan 0.050000000000000000
   123	9842500000000000000000 Fatalbar 0.050000000000000000
   124	9841059999999999000001 NuriBartu 0.070000000000000000
   125	9825420000000001000000 conblanc 0.050000000000000000
   126	9813399905771899198159 OSATEAM 0.100000000000000000
   127	9807880000000001000000 toxicoff 0.200000000000000000
   128	9807508890211777044361 Turetskiy | HAQQ 0.070000000000000000
   129	9806899999999999997999 Zhma 0.100000000000000000
   130	9805950000000001999999 kubvil 0.050000000000000000
   131	9805900000000003000000 Sudak 0.100000000000000000
   132	9805900000000003000000 Alexkolosq 0.100000000000000000
   133	9805900000000002000000 Qwerta 0.100000000000000000
   134	9804930000000000000000 Vlad83 0.050000000000000000
   135	9804900000000000000001 nikzu 0.050000000000000000
   136	9803016993176765017577 Caroliner 0.100000000000000000
   137	9802980000000000009990 vasiklep 0.050000000000000000
   138	9802970000000000500000 HilolaV 0.050000000000000000
   139	9802000000999998999999 arny_tiger 0.050000000000000000
   140	9801000000000510000000 XopxeHAQQ-on-AKASH 0.100000000000000000
   141	9713949999999999985380 kodokbangke 0.100000000000000000
   142	9712079999999999997501 thonguyen 0.050000000000000000
   143	9708980019900000000000 IdcuqS07 0.100000000000000000
   144	9708920099900010945825 terlia 0.100000000000000000
   145	9708830007343539273009 mgklep 0.050000000000000000
   146	9702990000000002000000 Dikci 0.050000000000000000
   147	9614178992399589953622 viennguyen 0.100000000000000000
   148	9606581991116321917951 phuongwoo 0.100000000000000000
   149	359800000000000000000 nodamatics 0.050000000000000000
   150	327540000000017773338 DrAtavovPRO 0.050000000000000000
